8374896587
8118571299
0103407171
0102742603
0100813129
0103839319
0107522986
0104407907
0500238515
2500232531
0106298932
0601077582
0101136007-002
0107283544
0100284531
1000419096
0200513619
0101276999
0101506794
0500447325
0105619615
0104061053
0101815915
0200348588
0901015058
0301481931-003
0101350804
0107090951
3300102544
0201545236
2500230333
0700249793
0100793514
0305456446
0105130623
0101661944
0105470034
0107169175
0107025744
0102708948
0101902879
0900677299
0105881080
0105826280
0107891253
0600267076
5400386999
0800388511
0107374618
0107015859
0101770848
0201632175
0312297395
0900472171
0107741000
0107411330
0107853106
2500476111
2500251252
3603419364
0106328111
3701789275
0107846701
0102363549
0201629253
0107390183
0106378401
0107883340
0104956135
0107462624
0101229156
0100740287
0102878097
0100107275-001
0103006451
2300272632
0304925039
0900554265
0100101121
0104607952
3700238204
0106163798
0103812250
0103983094
0105841306
0201275910
0400101531
0201063779
0101378133
0107753334
3702605925
0100103619
0101286242
1000289714
0900878189
0102953964
2300247361
0105917883
0900905964
0100100230
2500241938
3700419955
0106842278
0106847004
0500226326
0104361272
0309729359
0104371520
0103396219
0801095807
0200883994
0106921723
3502295810
0105032873
0107249021
0100366128-003
0200549767
0106306608
0313589337
0102527081
0101558746
0800373586
0500472995
0105811742
0107966847
2600942944
0107929179
3700716041
0100108818
0101918886
0700253609
0200167782
0100106923
0105579761
0800848705
0104024615
0106590380
0200575580
0200158354
2300760975
0106911330
0312456616
0101830889
0104213531
0101788958
0107441448
0301103908-068
0107965829
5800315978
0305261824
0101189464
0200870836
0106235555
0303325744-001
0303325744
0302562816-001
0200841715
0103786339
0313017259
0105438094
0102721191
0306104694-001
0304188681
0305503537
0100990914
0102238499
0100101114-013
0102986582
0200754420
0305810873
0106044423
0101536157
0302986886
0305538963-001
0101581752
0312470949
0108038908
0101034245
0100105863
0105305601
0102614418
0310470213
1101726819
0107478014
0107168975
0301479499-004
0101117565
0309920997
0304355389-007
0101486509
0102385623-026
0311763332
0104255154
0314766388
0200820835
0100727825
0100112437-056
0305702042
0306033041
0104947250
0314300815
0305104282-001
0107773450
0106575174
0304750798
0106611979
0303452460-004
0105475850
0102236318
0101529488-001
0312666719
0304786804
0312251369
0100774631-016
0106796504
0102829526
0900994139
0305282510
0401382490
0102624215-001
0107319529
3602029555
0100236496
0105030114
3600252847-025
0304076000
3602483670
0100284958
0105690657
0105526167
0100109106
0105269946
0102609457
0102805557
0312112319
0106869738-002
3701992220
0311353223
0100107564-001
5700101690-001
0600018898
0100108102
0200120833
0500232954
0500387891
0106163766
0102385623-041
0102256120
0107569913
2400376360
0500268213
0107677203
0106627129
0106292151
0311915440
0107882428
0102054452
0105275259
0107565531
0107762787
0100773885
0106230331
0313628603
0303299117
0104128741
0900637144
0101289966
0200835599
0105159164
3301569444
0102972854
0108174361
1101473050
3700303220
0304836029-001
0201291447
0102192050
0104585642
0101293426
0305970323
0107762547
0101322483
0106639501
0101383422
4000909949
0106622843
0302614895
0311817926
0600473713
0102555120
3800337230
0107751129
0107864958
0107329291
0104496689
0101435180
2500413312
0102686476
0305670802
0301150295
0302440800
0100903157
0301054986
0105909434
0303031487
4900260819
0500435496
0105983269
0900826656
0104966285
0102516308
0106545557
2700560240
0106357144
0100114025
0101752207
0107846437
0107664162
0107629577
0303902751-001
0106517278
0313944373
0314495995
0108147368
0107521333
0105848319
0105892660
0105170954
0301446415-007
0306212587
0107899742
0500445085
8002731539
0106653947
0107443533
3600450091
0101360633
0100110768-060
0312710968
0309302535
0101792182
0304273182
0104790306
0108057844
4200649712
0107357965
4200481594
0103415084
2600998111
0106330079
0103074275
0106126404
3200042556-029
0107164113
0200871036
0106905344
0313732717
0104605754
0107867148
0102014322
0101020059
0106622522
0107857541
0101014129-002
2300858191
0309867239
2300938496
0700724110
0200534841
0102646635
0103965514
0106464925
2300978160
0302317476
0107874000
0900891454
0108161757
8414494206
0314364512
3101028624
0104188003
2400700313
0301161018
0104805312
0307802275
0106187781
0107342817
0311026931
0105363681
3603316464
0313749904
0102201347
0102346448
0100520958
0104945302
0107717456
0107572708
0302035520
8140689754
0107884104
0108131632
0303449450
0200994849
0107550158
0102137236
0102007484
0108304606
0101234029
2300857670
1701971178
4200456848-014
0106668213
0102112150
030187753
0800247172
0105867262
0302389216
0200109205-002
0201880643
0312483507
0302595561
0100774631-029
0201746863
0102018260
0104182869
0302559108
0309678009
0107755684
0101417128
0315246416
0102305025
0107670952
0101855241
0107439216
0104344220
0200109205
0108003292
0101584390
0107104795
0106713191
8279176892
0105129459
0106065857
0801208793
0103671680
0105821250
0107732863
0301703373
0314495931
0104923059
0314183869
0101136007
5700587576-002
0105331062
0107379630
0304132047
0314846202
0105867752
0400433488
0104400394
0313673236
0102042513
0101217009
0100112613
0304680974
0102365521
0304529010
0106797579
0106898023-001
0107019405
0103833927
0106194147
0106836676
3603507758
0106635539
0104918404-002
5400259768
0313341262
0106232730
0106644389
0315074809
0105337508
0107579319
0107711711
0107935503
0108295408
0106802606
0107561103
0700262434
0107012600
0307011555
2301054651
0100687185
2901145935
0104767089
0201146954
0900237594
0108391165
0108300665
3702721569
0310037810
0102631639
0107686303
0107579767
0101816891
0400105014
0201185752-001
0102071257
0304998358
0106716379
0800285844
0201730260
0108307861
0312216607
0303675530-001
0311427563
0105402531-032
0106866913
0102358161
1101752752
0106881206
0303217354-001
0107672773
0901041650
0106492457
0107094917
0305390604
0101681517
0105498720
0105702077
2500558117
0105029292-022
2900326304
0105828746
0107716332
0103018538
0900233487
0100839134
0901049508
0108439635
0106824335
3900308988
0301884793
0314796287
3700404116
0312575123
3701725994
0312175132
0302309845-034
0309543996
0302286281
0311816986
0305778394
0200464915
0310498843
0108670698
0107869321
0103831408
0106474673
0312388363
0401891353
0107476271
0900285083
3900491003
0311577544
0309509184
0101470146
0101138364
2300742503
0107851532
0801206073
0108590266
2800114779
0304014815
3702735515
3702082986
0201901893
0310920208
0302749902
0314146017
0304455665
0105010478
0108236554
3702606608
0107448764
0300952521
0313843463
0312851285
0311876512
0315582383
0312261896
2800702548
3702535354
0302557566
2300575073
0200258736
0801137038
0303511116
3700857677
0900989040
0312639391
0108196171
0304835089
0103712834
0500582204
0100250469
2301033700
0314929473
0313438433
1101757292
0107494432
3700584099
6001016638
0101680626
0108449288
0108605071
0312742670
0107379655
3602024081
0310519846
46G8031830
0108819683
2600656735
0315538151
0107782913
0104507193
0303106573
3702004184
0700797976
2500613449
0201931658
0102241283
0307216418-001
0500555909
0700604198
0108225841
0301406596
0108763783
3603425311
8227266263
0401625834
0103683478
 0700513825
0314334162
0201758509
0101186255
2300991115
0101066261
0312243897
0105992400
0106643681
0306591536
0601179915
0105029292
5400273360
0102385623-021
0105943153
1101800773
2900679490
0100951376
2700822263
0305556472
0314103165
4600399979
0108685479
3603446632
0107124061
0303119646
2301088474
0314633645
0315336733
0801261067
0312094652
0106351872
0601164933
0101183303007
0309116137
0311022278
3700594650
3602349756
0105159164-001
0108764674
3603349685
0107645307
0800999422
0311357965-005
3603358619
0100405465
0101301370
1100798786
2300861878
0314236990
0314071202-001
0314242666
0108517259
0314148127
0106580696
5000858816
0313185687
0313451949
0311698789
0108531454
3900366556
0301458202
3702618138
0101684081
0104065410
0311809442
0315484844
0103440965
0108588676
5701821116
0306104694
0106879750
3700775583
0302943811
0101413998
0500550795
0313804055
0313395275
0107302194
0304207743
0100107691
0901006487
3900327691
5701738690
3702434275
0314689260
0101591006
2901270911
0107550503
3401128563
0104278842
1101798683
2500579452
0301481931
1101859618
3701759520
0700238417
0307979603
1101694028
0301104034
0314647334
3603471501
0313042752
2600968808
2400875916
4401063477
0312426604
0101469542
0105276816
0315904351
0316202330
0106905721
2600303088
0200168458
0107366529
0310194725
0900233631
0103016587
0108580557
0310989217
0102683838
3700482957
0108429147
3800337583
0315601117
0107722456
0304316083
0202003902
2600146702
0801212662
0108912795
0900886704
0108659158
0310946622
0101029485
0314565603
0108638599
0106122801
0200919545
2301021159
0102290900
0107983641
0108589750
0105885695
3702324191
1801243172
3600249259
0107658306
0314399385
0313605892
0700346596
0106116276
0305334649
0700820167
1100787745
3700780015
3700321780
3702392794
0314273505
0108284445
0300770151
0312595151
0107732937
0301417615
0103085460-012
0107466555
0106966837
3701629627
0106216785
0108563230
0101785957
0109026461
0312943899
0311560251
3901197766
0305054779
0107614605
0305189409
0302644794
0106796173
0311337567
0301446260
2400819661
0101161194
0302249586
2600981816
0107964060
0314507489
2500353102
0901027631
0106204677
3702832614
0105899433
2300990778
3702729952
0306051611
2601014963
0108219439
0801320971
0109115136
0900746697
3700567576
3603194537
0101771055
0200915854
1101409672
0106682306
0106946171
3702891497
0108317556
2802861173
3603592471
0312915436
0314974797
0800775768
0700839640
0107995823
3702780765
3603732834
0108868031
0306121266
0601175357
0106678187
0311496133
 0316421300
3502343662
3700564783
0311860840
0108848349
0108395674
0108229236
3901167899 
0109145236
0308849759
3603680791
0302704595
3702410806
0305171715
0100107772
0106359487
0103942771
3603195499
0105772638
0314245674
3101013515
3600478837
3702227494
0109060896
0700801439
0314325979
0311426136
5200824701
 5200887155
0310030389
05000501364
3702812618
3600630513-002
0100532086
0315570250
0109156622
0303702463
2700794425
0105841458
0801289009
0314292473
0312649752
0311420871
0108701508
2301148204
0107013957
0109318859
1801465513
3702585901
1101927339
0106233540
3702049202
0108028000
0309428954
0313476799
0600022982
0315298887
3603453728
0313729778
0202041009
0401355137
0101214777
0108294115
2901731721
0313151487
0108406164
0108186818
0309262674
0800287432
3700579500
0305497393
1101878956
0303641771
3603231683
0305305503
0301865920
3702719908
1101852210
3700362875
0901068564
0309135972
0105149494
0101552543
1101797584
3700820684
0311396611
3400171654
0314070858
2300740986
3700255658
5701656328
0107961630
2500229828
0500315181
1100815657
0316232342
0109062621
4601276539
3701815214
3702587578
0109110191
3200176581
0109084178
1801595304
0315022670
3901291769
3702308954
0311089603
0301464414
0106900498
0500537716
0201988460 
3700231343
0108327265
0304525778
5400466771
0312884379
0316050656
3603216558
0105208742
0102659320
0108070080
0301762121
0108008822
0100773211-003
0105931824
0100773211-003
0104580517
0301762121
0314878130
0102659320
1101937136
3600721601
0109185687
3502322013
0312171113
3801188373
0108568849
3702261791
0315158262
3502322013
0310819744
0310819744
3600630513
0316546814
3600630513
3702577611
0800859143
3702344751
0105191552
3502213670
4400599579
0316838736
0315415777
0109409337
3702642282
0401765486
0315655708
0315615180
0109072348
0316645903
1000265248
3701846766
0311847776
0108065919
3603633350
0304043037-001
3701703623
2900859599
0100935102
0313278846
0312959063
0800992265
0316521217
3603639440
0312675625
0312486120
0100979131-001
0108538058
0106708226
3600451024
0308838884
0305455040
0102688949
0201857316
0100966975
0316356595
0107767947
0102625829
0316756466
4000462410
0305181304
2300898074
2300693221
0302781286
0316020718
0315593307
2500228302
0105310591
0103720507
0107752066
0314951207
6001145746
0310384518
0313401306
0800287016
0312491434
2400762292
0313606952
0305008243
3702761917
0901084943
0302349301
0103673134
0108964867
0314571621
0101329739
0315664438
2500470617
3900337435
0316755222
3702273860
3702292165
0108858763
0312320573-003
0104478506
0700772386
3700614339
0304983249
0801098332
0108765967
0202090768
0316760039
0202036545
3603371440
0316686177
0109571989
0108949636
0901040110
6300308614
0400464415
0313266456
1101819598
0315668721
4101406116
0309475168
2500287403
5702039825
0312903920
2301170087
0108507317
0309851221
0305792871
0107806875
0106539680
0901060251
0106929842
0800373586
5700353419
0314302837
5701862708
6001704313
0312571979
3502322278
0400594492
3603659567
3700882151
0313724709
0201041158
2500552524
0105390364
0109056191
3702980186
1101973399
0102073938
3801170866
0315865938
0314621720
1101827278
3700501663
3603652554
0304712111
0316553226
0304466924
3700962689
1101889757
3702418964
3603062442
0314249710
0312713912
0312993956
0303693787
0315772881
0314763228
3600685720
0303207733
3702933796
3702687558
1702041961
0100100625
2400330888
0101422495
2902027243
3702892998
3801098151
0101591454
0108835438
0101208572
0201898344
0315323124
0313149022
0105208742
0107633453
0316642701
4900830120
0100598859
3600728621
0201909613
0104498189
0312280874
0109243297
0108073437
0102135197
0101798995
0314240549
0312381826
0104904200
0107116141
0311383926
0313426879
0900262720
2900901917
0312851133
0108472287
5200895639
0312604448
0314566364
0312805465
0302020771
2900610805
0107786724
3700230043
0107653280
0107476666
3701748920
0301064832
0202044497
2301022963
3603462391
0900740198
1801683134
0107514706
0311815559
0101644674
0201776120
3702893222
0107395110
0900915112
0801175805
0201826854
0800915616
0108582201
0901057298
1101814293
0316083436
0900421346
0109773939
0106007414
1
2
3
0316156099
4
5
0315161554
0106380217
0314282098
6
0109769643
7
8
0104611701
0315698042
0303195358
10
0313212066-002
11
12
13
0301471348
14
0901076438
0302580131
0312975932
0314039583
0304073306
3701987823
0305765282
0315104644
0201864585
0201576957
2301146729
0303354784
0107621793
0200835768
0312594052
0109176837
0104672422
2500384622
0109342153
3702449271
2300555158
0301907585
0104710854
0106043099
4900785855
3600999484
0313651049
0107127760
2300238060-013
2300238060
3600552223
0303108080
0101285577
0102029745
0600367994
0201199184
1600645837
3702822503
0313382685
3500563165
1101793332
0109540395
0102252704
0315874587
0108178983
0315043448
3702902766
3603221565
2400835335
0100406211
0315269406
0316048375
11238512
3702630375
0314384903
0109802298
0314966838
0301874259
0900921469
0315113790
1101919296
0900246373
0801368638
0316802049
3702652925
1000263561
0312615506
0108292950
0201856633
0303603342
0108929950
0108058541
3603152576
0301064832
0202019726
3700145084
0901038584
2300336075
0304411724
0301452948-001
0303448954
0201347361
3701977945
3702307703
0200761562
4101612567
0305024573
0306703722
3603725410
0314197438
0302158441
0108850972
0310474190
0200622223
0109591978
0313609784
3702178871
3502248112
1100748087
0311158825
0901008565
0305776446
0311777127
0304931265
3702880978
0304595045
0311940415
0100782914
0315734734
0700241917
0500443698
3702847515
3700226914
0107653001
0302000895
0316888208
3702751436
0305064424
0100100375
0316685825
0108209430
2600912661
3703032466
3703012607
3700339481
0304601884
0306841835
0309807085
3600869037
0201035468
0103818809-002
0107702178
3702530370
0900881953
0314250988
0900239753
2300277782
0309391013
0108746386
0314 742 186
0103818809
3701658642
0101816147-001
0107308333
0107500340
0108746227
0105357180
0101592930
0107448683
0300694937-001
0302644794
0200453688
3701935215
0109670595
0107500414
3701761865
0105118111
0200797576
3702682493
0314565392
3700150535
0107859524
4101589639
3703045641
0303320714
0109109083
0200798499
0315324022
0100106923
0105232713
0201960553
0315638597
0303458409
2301148451
0105009987
3703051010
0109546608
0101286330
2400874486
0313869260
0316273099
0700779409
0201184942
0201815115
0201222436
0303728327
0201964519
0200236845
0201628901
0305666348-001
0300514849
0200511481
0201640458
0201579242
0308365684-006
0304126484
0201768923
0314618728-001
0301224469
0301756463
0302345459
0101352858-001
0201741248
0305418225
0304875444
0201747264
0201990244
0201209259
0309879594
0309532497
0304198633
3700923658
0305358801
0305538963
0201126468
0103076466
0200748730
0901066574
0109938549
0107270746
3700687873-004
0202059077
0107779999
0109000230
0109988444
0100830974
4200482090
0901031701
0103948854
0901101042
0313905790-002
0306573424
0200903802
0201040877
0202136652
0316113070
0201145622
0200762164
0302326311-005
0100382553
0302326311
0314916883
0201809168
0300424088
0315460917-002
0201263312
0314618728
0301792221
0107432919
0103542290-001
2300954402
0106000306
0105790210
0313376949
0313316562
0201574029
4100500765
3703019754
0303217354
1101793212
0106734138
0700860233
0304791385
0304337291
0303533783
0201639540
0900935944
0107524013
0800427986-088
3702768013
0313822689
0108701970
0312569754
0201301279
0310543020
0105982184
0104496417
3603734944
3702643416
3900386760
0311849558
3702787873
3703028357
3502363820
0200870931
2400857466
0102741399-002
0309962080
0300447173
0304629167
0303436268
0304043037
0315348062
0304216610
0108094331
0313346743
0201254276
1001103909
0301471348-001
0305666348
0313611455
0108593757
3702446760
0315925841
0310959597
0303976520
0314705804
0308365684
0109670595-001
0309788756
0201624350
0317475669
0310275653
0108844457
1101919698
3603879442
0109163877
0102370458
0109067066
0312397671-001
0300437898-001
0316669781
0315127722
0303957341
3600334112-004
0312650437
1101786254
0311234057
0309917306
0316760737
0316646657
0303851867
0400101972
0312340315-002
0313316562-003
0104247770
3600334112
0305027140
0312997118
0108156122
0311731725-002
0108318775
2301023597
3600672993
0313343492
0310504487
0311514921
0110145576
0314732526